gridtype  = unstructured
gridsize  = 22
xvals     = 150.782544
150.580539 149.57333 150.761939 150.690141 150.795546 151.046062
151.135792 150.81916 151.046778 150.90731 151.117809 151.759634
150.498009 150.997812 150.914185 151.242802 150.747347 151.163933
150.766799 150.887328 151.432414 
yvals     = -34.577839
-34.306187 -33.40333 -33.917658 -34.041702 -34.066648 -33.891572
-33.916185 -34.47442 -33.881407 -33.931338 -33.76526 -32.931176
-34.051688 -33.799489 -33.794246 -33.931776 -33.616436 -33.864353
-33.795155 -34.417064 -33.278966 
